1 0.665055071217 0.852623099013 0.511789768918
2 0.191784945145 0.302214458984 0.725527595365
3 0.111214854933 0.202959738191 0.554648457348
4 0.711319771333 0.909362675097 0.234027660659
5 0.405391578184 0.582603096483 0.347117366374
6 0.0970751444402 0.138817088497 0.186954812185
7 0.1490033612 0.40925094681 0.550617460261
8 0.0560347633942 0.118834373531 0.19595978756
9 0.0468100951701 0.188281885008 0.32481427031
10 0.152609363425 0.154375688579 0.163207314351
11 0.00114458245137 0.0914409231339 0.0900310260852
12 1.37152586199 1.59636354649 0.474874344885
13 0.85261309066 1.59207175704 0.201390105467
14 1.04869356111 0.321226234506 0.239680352155
15 0.564757771419 1.3497642401 0.920278058591
16 0.0439627617054 0.0911795018891 0.0169858354439
17 0.396560087771 0.413250448772 0.436323988492
18 0.486655338531 0.585553755085 0.314712989146
19 0.324513357276 0.438321660465 0.166786010016
20 0.129483521315 0.587027618542 0.364806272445
21 0.0691916385701 0.215763465248 0.361003795252
22 0.0051469825205 0.00848891458466 0.00190498683574
23 0.466698310396 0.761462040494 1.13412980865
24 1.09125607303 0.773533620531 0.0898318402469
25 0.981104613778 0.979703447927 1.34397376831
26 0.146017678185 1.29989955194 0.364250206982
27 0.128430653689 0.64086612277 1.03670951799
28 0.438553835032 1.01107177071 0.419772439656
29 0.176959180631 0.29537452094 0.157273978892
30 0.336447230405 0.515236778893 0.238975311886
31 0.982406284722 0.812612844476 0.190036896907
32 0.0940683265372 0.595156771665 1.76436314363
33 0.0881249100627 0.0874806732242 0.0653455876687
34 0.949787509833 0.956571974411 0.123371363558
35 0.229744329154 0.252052437506 0.0494056572643
36 0.157165079238 0.612086692019 0.259791767229
37 0.217122388452 0.186801805869 0.0756263363948
38 0.201532313614 0.1961645897 0.176482935349
39 0.266320516622 1.39961885444 0.0986712983624
40 0.0798222400898 0.109800311117 0.0761525596655
41 0.141291298713 0.219772367249 0.132942671469
42 0.381329163763 0.32555775322 0.13035781632
43 0.199888703501 0.924904684311 0.632198509196
44 0.039255438129 0.358254738169 0.0584684621013
45 0.284627120289 0.624430841508 0.142673453533
46 0.0155633724044 0.320899400177 0.279997091767
47 0.1544741494 0.681735488332 1.06672543503
48 0.473673940473 0.529226794984 0.160202340232
49 0.093481593267 0.193789131325 0.51142966851
50 0.0747809332766 0.107081552726 0.0783726917811
51 0.728161736395 0.421179335373 0.16058949867
52 0.0547020787345 0.156800963766 0.170220071251
53 0.175206289793 0.399051128407 0.485944273847
54 0.42880143753 0.470910403695 0.252317302301
55 0.240745809735 0.20603984435 0.137992105481
56 0.360983575096 1.13836237905 0.183722759707
57 0.0375484805276 0.0708489482304 0.062057632666
58 0.961958095241 1.63059653613 1.84006496638
59 0.744868000677 0.737572287101 0.705957528273
60 0.333725338876 1.02583385083 0.379113683934
61 0.744997203236 1.10527611038 0.926641685121
62 0.563295317197 1.74227364709 0.528983695547
63 0.0395487930142 0.137729663058 0.0351873167029
64 0.128047807773 1.69444666891 0.0945013399535
65 0.529381831298 0.52965904285 0.091057250935
66 0.12294237537 0.250294678852 0.343922094461
67 0.0154492213857 0.0248186618261 0.0191989292763
68 0.524612571914 0.519504131696 0.0231976832123
69 1.35517664684 1.42942895093 0.474192446444
70 0.559548122102 0.926060699101 0.405671034702
71 0.386409101643 0.75968971966 0.875942662734
72 0.217811803257 0.293908194765 0.209878824949
73 0.370575474586 0.301714280655 0.0951306988616
74 0.0780625425858 0.12210604549 0.194059241844
75 0.0843362550661 0.160471660673 0.0791156686244
76 0.114945754979 0.395219203195 0.841729743688
77 0.183928681168 0.478314978026 0.686341720519
78 0.199888703501 0.924904684311 0.632198509196
79 0.637681949931 0.829052318575 0.396971704883
80 0.224740492104 0.349131420746 0.257834979717
81 0.31056506153 0.406859723492 0.258835202588
82 0.379155141758 0.580989744649 0.493287385246
83 0.244621694064 0.412406104048 0.171113219477
84 0.637256661708 0.445440257834 0.290747698936
85 0.25968049923 0.34207866656 0.198166395153
86 0.416927412881 0.456601278895 0.0924995476148
87 0.297323940814 0.34953818632 0.317062650508
88 0.136288751275 0.225177538469 0.142553088279
89 0.043525690839 0.171077579446 0.038277105627
90 0.252989024907 0.384091695491 0.414742219705
91 0.235085869848 0.790578779862 1.06984573619
92 0.227097786556 0.985222661969 1.6141164754
93 0.055128882835 0.0784191001621 0.0714285106699
94 0.0708437333616 0.0934745125816 0.0549780765494
95 0.102219599881 0.288385912769 0.357776901069
96 1.56724135176 1.84927198489 2.0
97 0.0124060845984 0.0205271396386 0.0427006766409
98 0.112365827764 0.304430286605 0.377729386559
99 0.0829164434018 0.724775296807 0.400680149829
100 0.0394841839163 0.108489757553 0.041545896781
101 0.138135873757 1.6757678217 0.171785478021
102 0.113296668178 0.164155547944 0.069051985278
103 0.0290073589248 0.0622522204853 0.103966385
104 0.459107693095 0.436508236134 0.110417954256
105 0.0100332188126 0.0589228148129 0.150569801616
106 1.19333899757 1.23382912375 0.29004686795
107 0.423272114878 0.415529135294 0.0480705980752
108 0.169467295078 0.201457529352 0.0543033396489
109 0.450853273608 1.19332254129 0.983661196832
110 0.00097685879856 0.0370877391021 0.109309499709
111 0.0388863050278 0.0846714605136 0.167023476973
112 0.0219309695799 0.0223820787702 0.0252391036421
113 0.159953402792 0.193809216927 0.0485391179645
114 0.0713370884923 0.0873384973198 0.0180675920616
115 0.0288763375295 0.0489754033067 0.030169921601
116 0.0181073057473 0.0580255758667 0.0677244641027
117 0.0952931514873 0.24204891116 0.217702649008
118 0.191789503861 0.465691686918 0.230800497189
119 0.028611429931 0.115654976608 0.175311532934
120 0.114585665209 0.129335097865 0.0201820411321
121 0.0140575086399 0.065549473512 0.123806505634
122 0.032555278497 0.132636381815 0.215876118596
123 0.000910611233981 0.00609677913056 0.0173334762398
124 0.121676537112 0.135620578574 0.0262708647428
125 0.102095300166 0.396609062722 0.393266437496
126 0.019232286295 0.120971061617 0.115883365401
127 0.0963744615162 0.124479803673 0.0485522167874
128 0.204486699251 0.453732603238 0.337679949432
129 0.192478149876 0.233758911737 0.0665871236214
130 0.273178590254 1.10889921856 0.213559746764
131 0.112600483717 0.28547803794 0.311372304047
132 0.230449298463 0.278550462443 0.0967780926257
133 0.108505153975 0.153245343379 0.102458985649
134 0.0156749520335 0.0497495462533 0.0913246241892
135 0.288732338356 0.960963786204 1.00095023549
136 0.641161010991 0.666355379685 0.405581492502
137 0.0922359128487 0.278692764879 0.368152388352
138 0.542428170413 0.765877464568 0.060000665935
139 0.126986139968 0.207831421111 0.204322031904
140 0.0163025888697 0.0350191108784 0.0583432836895
141 0.0691528712105 0.0673958861817 0.0577324685232
142 0.03387531527 0.0687030873972 0.0672344509096
143 0.0247197435469 0.0342535914211 0.0521610406231
144 0.0835669527704 0.265744651195 0.338779092554
145 0.0583305151118 0.079965028424 0.0930735735672
146 0.309425307397 0.354850065209 0.22045698828
147 0.0482223014616 0.15692334613 0.251621541828
148 0.00697987428332 0.117482957399 0.200769247431
149 0.129344617632 0.286098228372 0.26296784963
150 0.0485380561742 0.0878282436397 0.135334744518
151 0.488065669677 1.10495975759 0.471241313585
152 1.27329630265 1.17816673157 0.111505639688
153 0.0148151741775 0.054646552994 0.00539779944832
154 0.230441408025 0.390062986305 0.0302703504367
155 0.295803856097 0.575559367543 0.672594944596
156 0.0196436723244 0.0409202668411 0.179218131199
157 0.24093118687 0.405571011923 0.100984091612
158 0.197224391789 0.341996210499 0.106038174931
159 0.219555045362 0.375551241946 0.103344929019
160 0.0382433410174 0.0543917014423 0.159356044204
161 0.0521758855559 0.0683926990892 0.173801987055
162 0.0279905021879 0.151835443533 0.131603234878
163 0.0205342889574 0.0284510435702 0.0482429301021
164 0.0665421974485 0.181397079177 0.15639393218
165 1.061149497 1.09869125751 0.173147850162
166 0.0454805123032 0.161220608944 0.249478547148
167 0.119945585097 0.472683398794 0.662074973308
168 0.124200477093 1.29164790992 2.0
169 0.163813290115 0.970107515226 0.301110221349
170 0.210315629827 0.271131390103 0.0515085653972
171 0.0207151652269 0.153766014492 0.220958051331
172 0.0129547858813 0.0400873903897 0.032227321319
173 0.287102421831 0.359377167721 0.102059118815
174 0.278679669684 0.350115932928 0.0981360963859
175 0.0380496150509 0.0879898356881 0.0779939612528
176 0.00643708623287 0.0229534056415 0.0219634148516
177 0.10141857712 0.312258817564 0.320174231962
178 0.0321287891814 0.174920341184 0.245331564758
179 0.0928894835068 0.28614947471 0.390257532922
180 0.122205510082 1.23014974598 2.0
181 0.729903924085 0.817403102903 0.074881147054
182 0.697660998983 0.649872606778 0.671535327346
183 0.196801070529 1.74696672054 0.292097186168
184 0.294386862261 0.807035236677 0.292063824019
185 0.0688080469845 0.0844598573033 0.211514665597
186 0.324804406318 0.447414266174 0.051865863016
187 0.0609302275518 0.190755185008 0.238708450032
188 0.342100197203 0.394077415035 0.480234750514
189 0.133888062682 0.149122600624 0.124833738802
190 0.932250989011 1.03280968884 1.27193041175
191 0.109478559842 0.393312683459 0.202044253669
192 0.133862981234 0.144305367878 0.0903683366393
193 0.143500922127 0.282551868183 0.630179233323
194 0.847627964827 1.09121743313 0.448723179675
195 0.0386562489512 0.0686173089353 0.181015702722
196 0.0504041211512 0.0761343154733 0.0737564082018
197 0.0791374638853 0.774546659766 0.242788923756
198 0.259137979238 0.525151125921 0.229317333851
199 0.109643452415 0.172769457726 0.0674767200546
200 0.683305456682 1.58030229231 0.245381073663
201 0.607135295466 1.58638077958 0.0784990927691
202 0.240157018596 0.541339771989 0.113062233448
203 0.278912032228 1.59105975872 0.0579204073678
204 0.2551664012 1.78509889084 0.05275235754
205 0.0873010846152 0.119650978048 0.267106013323
206 0.136033881014 0.213993966911 0.390115214494
207 0.160925002148 0.244751956225 0.226091593702
208 0.128361407149 0.235371341702 0.144896570055
209 0.579805119409 0.858921745202 1.49192346239
210 0.0973081707856 0.325506487922 0.130001947246
211 0.778795603935 0.988591110742 0.340431775997
212 0.0830548132397 0.146327076249 0.279274599788
213 0.0622552905984 0.114039185863 0.12438797778
214 0.54961620025 0.682961366449 0.324895679958
215 0.0466644277561 0.0895204133805 0.0296747015783
216 0.724783045941 0.504230362922 0.860821855556
217 0.0768359971468 0.122460869099 0.0454468983339
218 0.0838361806561 0.197211725328 0.85542164569
219 0.167932068831 0.526097789991 0.811995465678
220 0.404982382343 0.507736718279 0.944442646009
221 0.0772169487806 0.330141353427 0.752830323349
222 0.447742510466 1.35687819073 0.155085066717
223 0.355105956142 1.47705372863 1.56964989517
224 0.0657506283335 0.0871478993873 0.160051035525
225 0.0731105811369 0.130533896615 0.148320545693
226 0.102185939302 0.138896210175 0.267825251433
227 0.0578638740604 0.0851940692629 0.208179947674
228 0.0763212988884 0.111836666925 0.128066359898
229 0.0692437043545 0.0928101160161 0.187075762663
230 0.0487665009645 0.0868282649689 0.239075320987
231 0.106167105066 0.136820160529 0.193164474066
232 0.233318378803 0.370316173751 0.152109995071
233 0.0556751440373 0.0979969287176 0.217686837657
234 0.11653159484 0.228255457705 0.149475859592
235 0.16853439113 0.52937355348 0.12324017088
236 0.103289089857 0.174730567393 0.149779591602
237 0.0642230647356 0.122598587276 0.560415006327
238 0.0466987062985 0.0548360186754 0.090081002971
239 0.411219538697 0.589588433075 0.0570279280543
240 0.0784118597716 0.142622174342 0.442074305792
241 0.278912045299 1.59111804462 0.0580875685984
242 0.370966088695 1.61269381818 0.687792972908
243 0.00343460043759 0.0528008375532 0.0428822305446
244 0.142613207595 0.339336602849 0.0496546596886
245 0.130786114568 0.306917430796 0.11606435767
246 0.252896332345 0.457172459374 0.112732300107
247 0.0326872459625 0.0391836236703 0.023858864488
248 0.0545283836227 0.0788758556792 0.0580858100282
249 0.0211505168313 0.0684086045408 0.0956237345706
250 0.126633126974 0.274696480428 0.25327481347
251 0.330468664885 0.549588381153 0.438598064973
252 0.104386501791 0.173999475498 0.188855212624
253 0.0435586876334 0.15008657558 0.0527219396238
254 0.0245781206169 0.0464154814819 0.0368644541095
255 0.0156206883863 0.0196163500556 0.00684010676863
256 0.0230894693146 0.0403797138875 0.0206399988016
257 0.019750246094 0.0332914275836 0.0229630753032
258 0.0112040605011 0.0355058957813 0.047178131816
259 0.24732519837 0.370636292878 0.0304654667506
260 0.372437804233 0.474236645246 0.0258925929752
261 0.0259932104332 0.0575585593391 0.0190263437037
262 0.11124822705 0.556922921829 0.0342998063433
263 0.133317242114 1.18783236829 0.0958689033199
264 0.240569098776 0.319323180493 0.120657642974
265 0.512443915487 1.44857663912 0.0673457175171
266 0.0564058846883 0.0672698165281 0.0610485364817
267 0.053352104377 0.119862440146 0.63072339062
268 0.226572110748 0.22946617046 0.243936469019
269 0.124159755959 0.235072481271 0.0107954961396
270 0.0576123600517 0.0697732535862 0.118911036602
271 0.468363681915 0.639002299386 0.0784101682068
272 0.0870337879388 0.626207139226 0.126706366477
273 0.930970203254 0.876193384163 0.31935363517
274 0.157012059474 0.224309340416 0.186509306102
275 0.0565345738476 0.3836290796 0.833672551155
276 0.079683782374 0.152795120252 0.226202878252
277 0.0629643609865 0.105958874516 0.163244637774
278 0.0868154789023 0.117267728601 0.162840786025
279 0.148011180573 0.163924443079 0.0814828365067
280 0.0995937302183 0.110042545988 0.10026747154
281 0.174579710618 1.66366963768 0.0809107036235
282 0.421182323238 0.568397525665 0.423416272608
283 0.0695761198448 1.22127122184 0.194881350041
284 0.20213926833 0.516325237886 0.046662224291
285 0.0566954916365 0.0994392879016 0.0638601544055
286 0.112665532926 0.403600392128 0.155543961393
287 0.0427720736737 0.0539519541874 0.0565162903299
288 0.12306464328 0.348097791598 0.219243630292
289 0.0203807537637 0.0404584193253 0.153344589209
290 0.144665166519 0.282581977284 0.245292811095
291 0.0551577255406 0.907462289711 1.04601454278
292 0.0507930305831 0.238620120788 1.02058081315
293 0.0661981836681 0.125641430182 0.0840909281309
294 0.182242358125 1.51489881459 0.124371508427
295 0.139458997598 0.482475500566 0.0820496976912
296 0.0921723886342 0.187431853287 0.0951176017311
297 0.077322538823 0.227725466168 0.0641675125256
298 0.0229340727354 0.0862999115093 0.0462893679152
299 0.00628810982976 0.0184381936376 0.0156646801782
300 0.0914644312676 0.274939872142 0.0678482506078
301 0.0521740312708 0.124426178735 0.0881331258754
302 0.0519133121042 0.193078478748 0.0770842441022
303 0.139578244454 0.250536836594 0.0145585445273
304 0.0475448890932 0.0739714218479 0.0479676102423
305 0.0285697025991 0.14454035262 0.0454313782251
306 0.337287204836 0.51255050467 0.131093889552
307 0.0796801820799 0.0916795411844 0.117656672775
308 0.0292942431617 0.0329213325293 0.0517404687343
309 0.0266446503582 0.171569831728 0.100593524571
310 0.0251330057368 0.145488440265 0.0520235347547
311 0.0182514847003 0.155810136305 0.242724567183
312 0.0808579392803 0.595687484576 0.177323648908
313 0.015506980529 0.0688025399967 0.0160310060169
314 0.0644464769574 0.129967695533 0.00895003026829
315 0.0654089121386 0.141225460694 0.0363690407762
316 1.13973364541 1.63300216204 1.01199751337
317 0.0856892080105 0.199341924576 0.152463258227
318 0.0514806919577 0.0544183559451 0.0231625724586
319 0.327762412415 0.514081965292 0.177625832022
320 0.174107682796 1.6618706459 0.207830243566
321 0.0340862428828 0.147716575107 0.26390099329
322 0.10835127762 0.121702139503 0.178403212164
323 0.0683094117341 0.0820956919493 0.12620617652
324 0.0241770589996 0.0480164698825 0.0571159612462
325 0.0542442892446 0.127774488436 0.09400508256
326 0.0810680762744 0.263343282621 0.226927211916
327 0.000451584604447 0.0128659262791 0.0353763748471
328 0.0515293320355 0.0545271679259 0.0233654715624
329 0.029574127056 0.0556571148013 0.0177336905034
330 0.0263911371202 0.0349148713203 0.0197895725153
331 0.180412752362 0.298862550331 0.0643936404351
332 0.00854517302863 0.0113443146113 0.0239404517334
333 0.0474141793384 0.0633489691386 0.0162415032913
334 0.491297823189 0.702864504946 0.0948307202281
335 0.100759165149 0.117417976082 0.0981761101165
336 0.0396554621844 0.0506310464955 0.0941761159046
337 0.0500958393504 0.100769083447 0.10167904117
338 0.0292942431617 0.0329213325293 0.0517404687343
339 0.0473885312456 0.108328625755 0.132161477308
340 0.109290354757 0.176221081455 0.121423044435
341 0.068388380593 0.339658796241 0.0717469862341
342 0.068191301612 0.221848300941 0.125860892091
343 0.0591684096766 0.302137231771 0.0617564543588
344 0.0806266944423 0.0948292679507 0.160108261349
345 0.102742486858 0.116073851063 0.177434266369
346 0.288143968795 0.607466874264 0.859801571093
347 0.277254969209 0.257577592972 0.151811695701
348 0.32202682711 0.359138593837 0.18983272452
349 0.299262220525 1.09768903608 0.491701184516
350 0.0211967933763 0.0510754530742 0.0178827432239
351 0.00670389899421 0.0084534523388 0.00858563799198
352 0.00833564448612 0.0144446557615 0.0132361521922
353 0.00100081979179 0.00258744307505 0.00516570591034
354 0.0118778168996 0.0140372036377 0.00396632284227
355 0.0994365570723 0.462429669963 0.257582873149
356 0.877477132504 0.16471084823 0.564918285627
357 0.0742913835496 0.0947917283445 0.228043969512
358 0.745118105098 0.545363031321 0.525143412132
359 0.392606987701 0.871340129678 0.587395677159
360 0.0226392993295 0.0312559686478 0.0157323071702
361 0.0631448383604 0.0719235846488 0.11598934218
362 0.306737898919 0.452956817305 0.165491089917
363 0.593878387786 1.71354257629 1.1965919782
364 0.0398509838381 0.0968611501262 0.0318511431328
365 0.0244342342056 0.0684449427746 0.0493661584762
366 1.52546592299 1.63826046443 0.260432554365
367 0.251080669902 0.380897514378 0.309180380778
368 0.0158387334666 0.0273594584311 0.016914473717
369 0.681175907257 1.33593348948 0.545107342792
370 0.221460065142 0.263524286862 0.435003695557
371 0.023483266791 0.0530915851475 0.0331961594638
372 1.07695705014 1.15125673119 0.995011296758
373 0.647217413533 0.742592648705 0.592322303466
374 0.042589903833 0.0618740720295 0.101054195764
375 0.244443070146 1.66911568962 1.79379106862
376 0.0316115592307 0.0419453865362 0.0936145230637
377 0.0230152746539 0.0694994015883 0.0275318243477
378 0.334221609297 0.37356426045 0.53162413059
379 0.0374688905982 0.171331198069 0.135247815965
380 0.0257696239331 0.054248650527 0.0540800349465
381 0.232060802831 1.62167309617 1.90920846136
382 0.127805064468 0.364276509673 0.619716135379
383 0.015697575736 0.0242876365159 0.0150495595118
384 0.190266197111 0.837665961438 0.448688575882
385 1.03327430944 1.12942639174 0.963222511651
386 0.204036463805 1.67691610256 0.592297550766
387 0.0921121635222 1.42817046968 1.55806942598
388 0.0603504657145 0.115710138333 0.180426691181
389 0.0461392961008 0.506144775099 0.750831239674
390 0.589581717143 0.583488108068 0.467464787241
391 0.215908707092 0.428342138325 0.831185833345
392 0.255649017638 0.304099611809 0.417150998207
393 0.443832677931 0.547537042188 0.65858185353
394 0.147180557735 1.8052797819 1.49061647851
395 0.0727341663984 0.235015477752 0.343567366434
396 0.0968898735819 1.1071487396 0.984310582944
397 0.0854754649011 0.453734111981 0.588487900475
398 0.198341563649 0.295339197567 0.333815632647
399 0.365236977485 1.77283740262 0.802254917499
400 0.0911649553773 0.497913339109 0.282378298846
401 0.0655332107619 0.544285150158 0.810446909452
402 0.717837190693 1.70707554926 0.250168169683
403 0.187140129401 0.407263877297 0.48832189806
404 0.176117428256 0.257570027516 0.509848696445
405 0.178043305547 0.232064963249 0.364467741605
406 0.359391320921 0.516676472768 0.80425510212
407 0.0432472207231 0.395049565839 1.45045660119
408 0.128961201671 1.35483850878 0.694007467583
409 0.288357240546 0.555597171808 1.71078405184
410 0.482950633008 1.23808804407 1.41025633402
411 0.835721832424 1.23322317027 0.266174933565
412 0.0956083457981 0.571558342533 1.84736153086
413 0.0894831487605 0.13692884987 0.187465069913
414 0.129541739543 0.175106991966 0.297381586697
415 0.155088471928 0.495467922879 1.49833580747
416 0.149291840092 0.230240054563 0.4306203001
417 0.120206766545 0.166225545008 0.278224605313
418 0.0943055897657 0.192380021844 0.431883134781
419 0.0696992035387 0.0831743987267 0.122012230599
420 0.0825553393024 0.399489497315 1.50875905036
421 0.101984160805 0.179483846452 0.44256483101
422 0.0809316161522 0.12692637953 0.262614833118
423 0.119444398609 0.404874092134 1.4072125889
424 1.84082863703 1.61334018331 0.560881785921
425 0.932741520528 0.830998541097 0.293748306487
426 0.0728125470247 0.408602358322 0.773743591419
427 0.0744752768556 0.416103257724 0.757112880315
428 0.0559794337567 0.394888582047 0.833219334928
429 0.0964742431635 0.114865182182 0.0964422786129
430 0.0706676167351 0.150547256897 0.0620576471937
431 0.170343213495 1.51483508339 0.651463005694
432 0.0994746509076 0.480936551324 0.593497714252
433 0.0501935425642 0.168847331422 0.069902175018
434 0.143547708146 1.64581906679 1.39584492596
435 0.080634436879 0.0951494378964 0.0859854842775
436 0.00962578627525 0.132478934322 0.358397536389
437 0.089098552176 0.122289081221 0.0974987746343
438 0.106999876722 0.171298934087 0.321928189284
439 0.17266029767 1.41786588018 1.49156945698
440 0.107230742949 0.147678737113 0.185936955862
441 0.142039510359 0.187554159698 0.372204879572
442 0.14340485352 0.131224524533 0.0884502386731
443 0.111928636365 0.377665332099 0.247080637824
444 0.07846662594 0.0947114772511 0.133445997439
445 0.110433535149 0.192985883375 0.355314888596
446 0.0563141556427 0.0905419884986 0.174946586696
447 0.136626532219 1.09753369965 0.229931903445
448 0.043531810565 0.782245069801 0.902890614615
449 0.0982454228961 0.984067284411 1.18462900469
450 0.0493257003218 0.457741251307 1.83451825827
451 0.073331510569 1.21541205025 1.82463301494
452 0.0655951521312 0.111747562695 0.279749597327
453 0.0594645455046 0.448411071031 0.592509396111
454 0.278713746727 0.379141813529 0.582661835539
455 0.0620017801138 0.617595336696 0.963595852041
456 0.120620359938 0.263833339014 0.335619461982
457 0.140303371452 0.228123185228 0.375554567054
458 0.14502876201 1.65156859889 1.69993131137
459 0.0359283163041 0.867896101959 1.34822011177
460 0.0818784268646 0.11718941543 0.171273522264
461 0.059968623474 0.109387451658 0.252694533725
462 0.345095899756 0.473183692159 0.74884570115
463 0.128545673982 0.759790270927 1.00986057398
464 0.171424553797 1.11650084601 1.82842056347
465 0.135176595614 0.762238601526 0.943333823854
466 0.128032334286 1.11990438251 1.78319118683
467 0.0329622651387 1.40471371324 1.51361447955
468 0.0458260257601 0.333318732569 1.01235523515
469 0.0787812567025 0.304285868371 0.455171575257
470 0.0550872351893 0.183240578603 0.587647161167
471 0.372749747714 0.4507718611 0.607400306298
472 0.107213001365 0.132022803575 0.174776719377
473 0.10680024415 1.14295222186 1.2615429612
474 0.147142988235 0.354434781476 1.13111740657
475 0.0802183802803 0.977745804995 1.21509557313
476 0.102111918207 1.42992370153 1.7596331287
477 0.151056941042 0.20702153288 0.320614101211
478 0.252657087459 1.34446303205 0.244798874367
479 0.14294331478 0.353826262083 1.00990654258
480 0.131800520369 0.3674529952 1.10059402801
481 0.127710624887 0.359956413794 1.08249886817
482 0.280482323479 0.299539379565 0.399059561349
483 0.0374323856937 0.163388894861 0.565544721366
484 0.00912970722817 1.14352115267 0.208610837552
485 0.427269399068 0.36556271111 0.145414840885
486 0.211261814116 0.447241774077 0.975145153632
487 0.166507034523 0.332700537762 0.886678881893
488 0.127633733553 0.335537257334 0.843523059042
489 0.102172854728 0.180804877569 0.471208919004
490 0.100616992759 0.168230093886 0.436300766296
491 0.118412435068 0.239762785916 0.763078483934
492 0.110884564983 0.177522651325 0.433164586186
493 0.223604758332 0.246136003326 0.310914499624
494 0.626862532607 1.22388656588 0.539564717039
495 0.0466617950367 0.582776929005 0.907579983153
496 0.157742847902 1.98260361602 1.97290650503
497 0.0338931975619 0.181010920478 0.236060662326
498 0.0403584866261 0.185266569554 0.336133404979
499 0.0731128229508 0.183877648549 0.302820412621
500 0.0388547355632 0.0926167405425 0.328068205063
501 0.0417083296664 0.447350258115 1.67706959947
502 0.0284506080141 0.149710878915 0.755533311137
503 0.116947997734 0.388210383267 0.567237313868
504 0.0350762568104 0.226710180752 0.284371898004
505 0.15260717433 0.393348453108 0.257040905635
506 0.0436294245454 0.0801016200122 0.173882313259
507 0.0405317518264 0.0731618576359 0.0987751783854
508 0.0436294245454 0.0801016200122 0.173882313259
509 0.0766995372597 0.12921590611 0.0839705496654
510 0.0391282796152 0.499608045971 1.53689692136
511 0.0487516606949 0.497708791996 1.64335486161
512 0.0840434778847 1.10304011018 1.74538012357
513 0.0672350874017 0.0983562960638 0.0720597950211
514 0.22095470502 1.72399917491 1.60694857392
515 0.0799502287596 0.57351820966 0.611422294894
516 0.0869929322951 0.221960216343 0.453411671254
517 0.894569239166 1.13638925329 1.51121005637
518 0.921024386588 0.991940666725 0.429656573705
519 1.15327337283 0.908382485349 0.439042132267
520 0.134186773573 0.990298108377 0.938609577768
521 0.130299395733 0.400595577148 1.5418461209
522 0.0930547796681 0.133337080281 0.164288208225
523 0.0583413866132 0.108588365166 0.255450139617
524 0.0787883764915 0.104816456147 0.130477918949
525 0.0935748442081 0.585390941111 1.86300930776
526 0.0529144604082 0.157014408985 0.613897516628
527 0.152549954569 0.285417674042 0.571509189651
528 0.0293998321322 0.576843123532 0.643545719559
529 0.117258011391 1.00799656705 0.771201006183
530 1.05649348389 1.23264535734 0.518154699119
531 1.01810443962 1.10545529778 0.152844354219
532 0.222745972333 0.599519981951 0.519657149169
533 0.0757261165695 0.117485838054 0.162845884707
534 0.142476725438 0.205407503775 0.340773609693
535 0.324145673623 1.67738858998 2.0
536 0.0723215167594 0.0812482987173 0.113979832563
537 0.0950459475836 0.119926795131 0.108273410222
538 0.0609367700864 0.175037050057 0.28491427635
539 0.0400711845353 0.0575891389899 0.0975317256029
540 0.0244437883899 0.0321944039175 0.033207533519
541 0.0472369607772 0.145245792682 0.455607093712
542 0.0273575031596 0.0675037105612 0.0834732740818
543 0.0303201229574 0.0389083714506 0.0466276269031
544 0.0163020228651 0.0533244201403 0.146608921139
545 0.0301505558021 0.0879851083682 0.222802476059
546 0.0156087411769 0.0273733263005 0.0646431765588
547 0.0254565918988 0.0496922783984 0.11260606816
548 0.0667613540181 0.147742880558 0.368059693901
549 0.0811164765182 0.238351478595 0.140528790974
550 0.629391907845 0.697038596889 0.564747520681
551 0.668358759255 0.996015157665 0.313771481254
552 0.132776293529 0.146524519425 0.158791175067
553 0.422369502608 1.26967653094 0.397675246244
554 0.364971793002 1.08188802282 1.24866941582
555 0.612437818273 1.29729546391 0.314315778
556 0.0601835142589 0.445172146587 0.442743499362
557 0.0764901774064 0.171054198338 0.365435796918
558 0.816018265054 1.42675292589 0.0449177632991
559 0.0823157578439 0.358858630172 0.497867969506
560 0.039301443786 0.162481834055 0.351643809161
561 0.500596187974 1.72922397632 0.486454969023
562 0.105844308448 0.371691444362 0.625879637683
563 0.0832499717723 0.73926648187 1.70151402715
564 0.0955649644744 0.341284412089 0.0512922252849
565 0.131707242483 0.45185346296 0.992443128092
566 0.23236156768 0.616217382363 1.68170341756
567 0.0585253118226 0.103421175925 0.247612892772
568 0.467648850068 0.77646978067 0.153985244357
569 0.0840749270407 0.130019183945 0.240159852266
570 0.0298345402209 0.0391844121929 0.0498327664861
571 0.11583772262 0.145997961585 0.169332813849
572 0.0641378111275 0.172617663851 0.460411358371
573 0.140604698112 0.1581866644 0.180932964909
574 0.0839078783454 0.207755223941 0.433685443428
575 0.152748630001 1.44158096669 1.57153471614
576 0.151080957361 1.57491936018 1.6425872045
577 0.105894190541 0.129578120349 0.182773558028
578 0.223295419213 1.62123497452 1.57534011219
579 0.163796382326 0.503740880298 1.71243242864
580 0.00706710881096 0.0114103957196 0.0195473223601
581 0.209447442406 0.710116875178 0.775424610951
582 1.09345189099 1.27362884298 1.7307195142
583 1.07186221728 1.64530415344 0.160283955041
584 0.0590250937784 0.408203070917 1.71613235857
585 0.133860811469 0.269879213869 0.481141371812
586 0.00415568061196 0.0363588172168 0.0315174991746
587 0.214669761809 0.211508628018 0.134435624972
588 0.176729887873 1.32729062256 1.58874460803
589 0.0481240745651 0.079833915507 0.121324115388
590 0.076259735757 0.166308726334 0.499236316552
591 0.322075343993 0.659055106972 1.00088351154
592 0.0922667044497 0.275783926158 0.600688112478
593 0.109765860831 1.24221431092 1.35682623235
594 0.108210794993 0.971681231644 1.22258874667
595 0.0991032380793 0.423212785647 0.436269773656
596 0.0416730402067 0.176335091221 0.215138078051
597 0.0425969143916 0.721639333399 0.696668106897
598 0.034207218034 0.12318919609 0.428620925469
599 0.110963972884 1.61554641734 1.59690795601
600 0.0212613833119 0.10202405618 0.163366889107
601 0.108326096581 0.197552795272 0.336054586725
602 0.304965033333 0.520417451481 0.22260298006
603 0.162859012779 1.6670456416 0.224369746868
604 0.0752960138212 0.206259447438 0.160860197087
605 0.0941810855453 0.135391468591 0.208361683622
606 0.0840282049542 0.119608367577 0.1797214056
607 0.0871750098761 0.123393930819 0.166404282806
608 0.082206457593 0.126878872224 0.201332896608
609 0.0275716694143 0.0353763407644 0.0464196537249
610 0.0578038648999 0.0698514596849 0.0891058820639
611 0.0499221713712 0.146261151908 0.282076051051
612 0.124752804385 1.68837389868 1.61866147059
613 0.0321727470345 0.065648009768 0.110660220852
614 0.0374763980995 0.0492405057782 0.0617686490351
615 0.0287955697094 0.0419432316966 0.0628939096956
616 0.0759085555294 1.18343245293 1.4642187653
617 0.0882296478154 0.165437788273 0.186238994937
618 0.0429758227419 1.29659861876 1.32665283573
619 0.0863426489158 1.26547756236 1.74982629077
620 0.109082422421 0.452836296929 1.17148415899
621 0.138304283493 0.297659418283 0.511728352812
622 0.121322628707 1.64120528889 0.936605823656
623 0.422158321701 0.462442558616 0.444859862462
624 0.0991483325015 1.86603996047 1.59499135793
625 0.0950619211831 0.12773761558 0.183010334844
626 0.0988460417833 0.113519036473 0.136386345802
627 0.0531859795527 0.218592520931 0.424594331675
628 0.0156694945634 0.0293924000941 0.0514917763773
629 0.0514098976832 0.0732210732701 0.102356109528
630 0.0447375279804 0.369354726068 0.910383389548
631 0.0472106835918 0.0669972137696 0.0926018959961
632 0.0437938998719 1.87447001018 1.80621795863
633 0.0657511182354 0.119701268793 0.180187256929
634 0.107187769862 0.207399036951 0.476839767209
635 0.553456600416 1.86780297692 1.78681256212
636 0.553784922012 0.90414759597 1.93466654209
637 0.644462127864 1.15680399366 0.0708815018545
638 0.243296168805 0.358951403689 0.187707600559
639 0.90040098902 1.10864533542 0.253275787712
640 0.140168392223 0.246886754867 0.584625275977
641 0.17239786345 1.82469995245 1.32014591854
642 0.0468919681672 0.537026272097 0.978500262618
643 0.126597714148 0.31833045761 0.641603384036
644 0.0753574579937 0.230937394545 0.717559656905
645 0.0391705245568 0.115465064159 0.351865971707
646 0.0391766510775 0.122639833916 0.235963059569
647 0.0549033865793 0.0634957907061 0.0895329536395
648 0.0508759906902 0.0658169770102 0.099059630365
649 0.0396320768057 0.0537668258281 0.051706505633
650 0.723585764675 0.877738762599 1.3213499849
651 0.658718714431 0.882459288633 0.0423053378615
652 0.123372679515 0.33914552481 0.577740935552
653 0.0751762852747 0.461911175818 1.53338072667
654 0.304110106756 0.587363354939 1.54888206933
655 0.0968575300376 0.165656949024 0.228510040355
656 0.308591410164 1.21007317466 0.123071305788
657 0.0379994829559 0.0782898233887 0.146191255958
658 0.0564238280099 0.191744378772 0.573873351342
659 0.133801752612 0.193606789487 0.288250036059
660 1.12590561016 1.08490355049 0.934562665045
661 0.174061707156 0.388836303795 0.609440892633
662 0.0803180521614 0.101333063022 0.146546703857
663 0.0901079100106 0.115272650451 0.132528629425
664 0.0316484178563 0.0439942194134 0.0890201086909
665 0.0356674395829 0.117616175917 0.220330687243
666 0.0501861145856 0.107285792037 0.278584824393
667 0.133613920183 0.213432463633 0.337678373411
668 0.103321451004 0.19621876418 0.306139440648
669 0.0292881210006 0.058005414392 0.095581100666
670 0.161959010726 0.249543773406 0.330681122529
671 0.0280880754467 0.0449713772894 0.10410595903
672 0.0560607576185 0.0657171049894 0.0920844785081
673 0.0512705033851 0.0646585917571 0.0901273950709
674 0.0600242176055 0.263792527921 0.627302596871
675 0.10574463744 0.189004199503 0.397481484107
676 0.0911290405533 0.114441521845 0.148958097716
677 0.103108615187 0.344406890084 0.0380590304455
678 0.0243402380488 0.0841991477519 0.0950827590804
679 0.140991930679 0.323439432952 0.735278629412
680 0.0343047592673 0.0675567037282 0.123524706541
681 0.0438844558616 0.0982382622541 0.297433143863
682 1.63321469017 1.59991417317 0.244043919251
683 0.0542618127032 0.24929314366 0.909334030525
684 0.02606297813 0.100778938984 0.181385247915
685 0.163998628094 1.08723633848 0.232722572827
686 0.127293835953 0.225181658752 0.573227250926
687 0.0685921844498 0.144193047821 0.421396213516
688 0.258089866959 0.258378062536 0.220520345506
689 0.544164510266 0.738887035294 0.0874388854544
690 0.238133227819 0.232309221601 0.203535804768
691 0.0877360380386 1.10130322539 0.189719833096
692 0.0509830485391 0.124806980348 0.395494730312
693 1.17227192927 0.708303635874 0.21042406103
694 0.0339149755106 0.200280530431 0.426866309719
695 0.0345135961471 0.118294201749 0.350299748652
696 0.00761866369058 0.230086494827 0.0942349030462
697 0.0253628288522 0.0335771070332 0.0612278486524
698 0.122833409242 0.221755540651 0.326729508832
699 0.0489864174603 0.115664031205 0.363852926812
700 0.0495358536418 0.130801949053 0.210714456541
701 0.0448624727398 0.0935504181547 0.131066716998
702 0.0265552904543 0.0877239642026 0.260864882179
703 0.0280363382042 0.0781002456461 0.125174404305
704 0.0202255794246 0.0262377815987 0.0468953600079
705 0.0378366360095 0.126978063576 0.360948012796
706 0.0175578573567 0.068596890148 0.217268980982
707 0.0773583399265 0.129986474246 0.17998574707
708 0.803307733309 0.950429610237 0.142261305062
709 0.26034608345 1.51101020047 0.0769729340352
710 0.0346617528339 0.386941840437 1.65072610004
711 1.27242192415 1.63646033082 0.516262376123
712 0.0387724584967 0.095752882665 0.210937721447
713 0.958647378432 1.16747387128 1.68046284749
714 0.116270119962 0.286514502261 0.583491085392
715 0.256565783362 1.65724642116 1.44946112899
716 0.0546809924726 0.231906340909 0.271550152651
717 0.12513835265 1.05164131902 0.239532616834
718 0.137084691589 0.214942553377 0.298778944594
719 1.15678635173 1.18615913678 0.275111514295
720 1.52421842709 0.148796941691 0.14434607702
721 0.02820310051 0.0683789583234 0.0738311936141
722 1.8808845793 0.837133877002 0.270621828746
723 0.763190248235 0.971671783888 0.389633231192
724 0.449377185534 0.697741641216 0.275290345078
725 0.464073962524 1.5091987806 0.0521458162026
726 0.9873923603 1.05500952674 0.085315141208
727 0.816072469987 0.75022615788 0.534638566754
728 0.883178195712 0.870437664168 0.823722381842
729 0.821438179802 1.51761568436 0.172366158933
730 0.0311400019728 0.116347688262 0.428775871323
731 0.157441361613 0.393891158633 1.26144052257
732 0.0505012536636 0.261701697549 0.977436535162
733 0.164105772232 0.300115123787 0.409477778907
734 0.0643029307187 0.125138169853 0.257366282759
735 0.14633124962 0.185180574411 0.246104696338
736 0.15574454178 0.222402108911 0.228361128591
737 0.0692103495051 0.0812365685602 0.0666824807528
738 0.0330933913625 0.199813120256 0.792594378546
739 0.0640438491805 0.0601920429267 0.0461849849768
740 0.0458700004981 0.108628597976 0.342230044142
741 0.0651584729447 0.0736180986581 0.0821495588646
742 0.0770605892639 0.117882282744 0.271221947177
743 0.126672340585 0.168272544297 0.316184379717
744 0.112024539231 0.144293321368 0.262612189204
745 0.09731057096 0.141178469759 0.297076135939
746 0.148171011334 0.153476967791 0.151442100432
747 0.218646599926 0.245215074738 0.249590855052
748 0.142592545674 0.16584750019 0.15397038054
749 0.0675974351852 0.193586575821 0.523584550545
750 0.0456668426562 0.206401414911 0.733511264509
751 0.0633500129308 0.0941348691008 0.176427074015
752 0.063305326011 0.0928661233564 0.164917367838
753 0.0530851569591 0.075935376224 0.103697605617
754 0.238054337414 0.477712656348 0.238404274168
755 0.123890303006 0.141680088749 0.19709678102
756 0.197989991481 0.217430156921 0.200352467961
757 0.173784205203 0.397452375153 1.05782906351
758 0.065558218223 0.116849621702 0.287820966633
759 0.152215007613 0.483939867834 1.55537584412
760 0.125837348991 0.179969822726 0.379096263267
761 0.0774339945409 0.40335121506 1.58027451138
762 0.0478092599037 0.204385175965 0.687526909799
763 0.0517273552068 0.349961092483 1.34407355007
764 0.726481144333 0.967395819762 1.60871724
765 0.0290305174593 0.0946072540948 0.0950735607757
766 0.0252498835786 0.568268931295 1.79856015143
767 0.0300927137953 0.764770498112 0.991041325214
768 0.0901525796017 0.176047372054 0.13769226516
769 0.0968802739307 0.127873751709 0.152339951274
770 0.0578369605331 0.914917982131 1.6629454404
771 0.0901537349858 0.355501276597 1.2152443845
772 0.0247711160672 0.103598526402 0.0522686771339
773 0.376132991096 0.584882713842 0.23031126689
774 0.813244354162 1.00392853669 0.183207554596
775 0.0968398058726 0.507089594448 0.0104900810412
776 0.00380370360481 0.0233764911664 0.0677671699951
777 0.0768822747408 0.188431777966 0.0844566823741
778 0.0862542932173 0.243758516608 0.196287532472
779 0.0721392450391 0.181688361891 0.0121622402364
780 0.0356259267347 0.1193553932 0.13661270814
781 0.0573581375628 0.152480274053 0.165975594202
782 0.0552477959299 0.162310378135 0.145512004014
783 0.0350798959069 0.109629337973 0.320642882076
784 0.0198274906307 0.105415540607 0.084027627118
785 0.0554931340063 0.237383921174 0.276502274665
786 0.0398304422308 0.0476060444441 0.065505218843
787 0.043269087351 0.120310258754 0.161030958627
788 0.209623459394 0.364953414544 0.021060639102
789 0.0431883951108 0.213236419752 0.217459442822
790 0.0778524700332 0.0909057577761 0.168888990083
791 0.0564070090652 0.159498540637 0.300927040147
792 0.105684022308 0.305480611386 0.401225151876
793 0.0306610958799 0.0809328820634 0.111480499313
794 0.0316618246162 0.174522201875 0.358881109751
795 0.0307178647211 0.0470027959257 0.0979186344578
796 0.216944930523 0.703708918112 1.64401972783
797 0.0387631537221 0.0894418960557 0.0372853924951
798 0.0630773568543 1.02833807245 1.72879178195
799 0.0952319346958 0.246515768506 0.634014299237
800 0.105204194001 0.979948040183 1.8157857046
801 0.104424501571 1.17247189199 1.48082012391
802 0.121485045103 0.319999307525 0.391780106999
803 0.0873054395147 0.134248984132 0.233469909893
804 0.37741022073 0.813643849029 0.580568413467
805 0.0382427883853 0.299523681256 0.052059074753
806 0.312846873202 1.50292596619 0.4256410964
807 0.0267901281007 0.0625811209502 0.0701816920516
808 0.282998366771 0.470330952564 0.190359905169
809 0.385723285911 0.558431820449 0.175242307521
810 0.102458633197 0.256010119502 0.207509859955
811 0.0283585988579 0.0583794468677 0.114098935353
812 0.110951982917 0.249987572154 0.205524469962
813 0.208465793934 1.39087566597 0.296411481174
814 0.0461837388015 0.108718347804 0.00830017855755
815 0.105189182359 0.523697026454 0.171074458641
816 0.057706247106 0.151806251115 0.156902012494
817 0.259489069485 0.197026133813 0.116951417749
818 0.158018077412 0.263338163878 0.102971648913
819 0.127554894144 1.2924253906 0.339356092285
820 0.0327825308353 0.119300753801 0.161085393913
821 0.00739468597285 0.0406808346821 0.112894021589
822 0.0652105958436 0.326661595156 0.368002641824
823 0.0443349169024 0.145308858581 0.0986398145375
824 0.504807029736 0.45465150771 0.106277749584
825 0.0231376461853 0.43878511288 1.32235395255
826 0.0728149206802 1.32989761011 1.22092558349
827 0.0197939126423 0.16183742476 0.121549062969
828 0.130002098204 1.23288893985 0.0675732518725
829 0.0216814029507 0.0593172133667 0.058057122341
830 0.0340142780006 0.172515500454 0.00891481432433
831 0.0661107798365 0.127833777044 0.0542670462661
832 0.0299580588338 0.234868877325 0.0432230322545
833 0.0780585986431 1.59218470163 0.110057131713
834 0.0508354729309 0.398012761381 0.116898702039
835 0.0646844865315 1.14565486509 1.61117857281
836 0.643382222461 0.91448705512 0.231162967745
837 0.0910505286 0.186487781962 0.277771161306
838 0.523549824372 0.484425000404 0.210551232627
839 0.00670421719385 0.03632114485 0.159981825167
840 0.0626254267515 0.666630197166 1.70766042479
841 0.105778072593 0.211982093885 0.412589689659
842 0.256769806947 0.33371999545 0.346583991255
843 0.135216816141 0.179076593374 0.144059775028
844 0.155207303146 1.29063465838 0.430132580918
845 0.091611068907 0.247734913976 0.146645309664
846 0.19708958058 1.26476523981 0.142832348348
847 0.0774999184989 0.0956572049479 0.128840960103
848 0.0766116943287 0.101131043782 0.0240789500736
849 0.0974350127943 0.15082438715 0.284297823039
850 0.123529569096 0.160644912947 0.222152560067
851 0.0612249466243 0.407644780882 1.12202509688
852 0.074111425563 0.225807457041 0.238106958918
853 0.0873281291708 0.61603216235 0.879347960933
854 0.0665429898146 0.598452701303 0.523144389184
855 0.360241328363 0.479641015996 0.095932373598
856 1.6405242173 0.962954288659 0.267335912382
857 0.0556911413985 0.0676736579775 0.0753251705466
858 0.11803163949 0.0956722521952 0.0410159721408
859 0.0691928811577 0.0852315316026 0.110347342042
860 0.0272795362455 0.0737084678056 0.187201411619
861 0.182829298585 0.265913638425 0.410961367231
862 0.039295910831 0.0881326289889 0.201268026299
863 0.274962728867 0.588145498774 1.31916617508
864 0.024321679317 0.0370422173349 0.0538923192361
865 0.0779044508401 0.087728388518 0.0935553802146
866 0.0493808940132 0.0544345671616 0.0585719866663
867 0.0194159806792 0.0339017822196 0.0675085767663
868 0.0420973365092 0.074459485546 0.146834752854
869 0.00923292922243 0.0142190343497 0.0219890263941
870 0.361582379769 1.46677789999 0.301609723577
871 0.0736723115624 0.102512273438 0.153887970388
872 0.0851692183988 0.167655961454 0.321201849675
873 0.0232277029875 0.485722529734 1.44908622496
874 0.561771106503 0.58698103178 0.0796665607114
875 0.0336472175662 0.0459804864966 0.0555663964055
876 0.0628741395994 0.138886205256 0.228041985575
877 0.0585758250687 0.177242484332 0.294589944075
878 0.0413151790888 0.112267249502 0.390932212478
879 0.0695252263564 0.247463196702 0.625832731195
880 0.0450198402897 0.112972395269 0.106313925824
881 0.0761153245591 0.420759994206 0.192255693806
882 0.199101231182 1.33647187537 0.350977201886
883 0.28328835472 1.3382539785 0.0658949966558
884 0.0504925673405 0.0998272072495 0.214941367037
885 0.119257315187 0.209441828438 0.194085885959
886 0.109543683368 0.354762810706 0.279732194136
887 0.111639373043 0.400243209178 0.370753447002
888 0.0728950286105 0.273338244082 0.075489683406
889 0.233488582846 0.335521900155 0.23148990938
890 0.124489090507 0.201210638543 0.201328358965
891 0.227677073652 0.571650733138 0.571441197601
892 0.265206275404 0.109873317154 0.202385103138
893 0.12493762059 0.294233891328 0.299074788463
894 0.00167071419444 0.0768457142384 0.192648795707
895 0.101673829685 1.44732957156 1.81241496394
896 0.101926915826 0.46512510664 0.0554998240496
897 0.0794205369191 0.0927511865488 0.124499149293
898 0.0116925049463 0.0562413842188 0.0586850859692
899 0.0252486569863 0.138634015418 0.466330468497
900 0.0461180939372 0.0632075558453 0.0944825702856
901 0.053035930947 0.373536928588 1.27547237399
902 0.767892658068 0.885586268762 0.271300998804
903 0.036230723373 0.0406596416577 0.0579093466506
904 0.0379449921407 0.0541499046355 0.0794418890202
905 0.0293302834839 0.0473265045598 0.0653629868996
906 0.0373841886914 0.0456869504462 0.0872007592205
907 0.0165451605245 0.0317885407213 0.0450370702509
908 0.0446548755643 0.0573535020303 0.119422395975
909 0.0276534120757 0.392906747929 1.02963743501
910 0.0405497081372 0.0420459446742 0.0496589614549
911 0.0197216476598 0.738427726579 1.69162363539
912 0.0143144054457 0.0223105161559 0.0325898045368
913 0.174494687606 0.532329717188 0.440006892308
914 0.025556762488 0.0289873558849 0.0363197454176
915 0.746202667591 1.53533055733 0.724440748656
916 0.505633194004 1.45725953391 0.0306059911002
917 1.11091606897 1.21767796762 0.110404333692
918 0.30446727145 1.62291769277 0.21842232058
919 0.03753966672 0.0959543616557 0.0146624711725
920 0.306781676059 0.281059412732 0.0815138903819
921 0.0204238951296 0.0490289380444 0.00386001346343
922 0.698726723194 0.633002018821 0.182285155411
923 0.366899976313 0.564599136426 0.163230011894
924 0.0127566456713 0.0273697163241 0.0129868755658
925 0.0179900267159 0.0994673079667 0.0524714786997
926 1.88839449812 0.851028005001 0.298433742149
927 0.232843117481 1.31753141086 1.62460620912
928 0.142796412664 0.172784895873 0.362711956197
929 0.352671292209 0.759958172799 0.752308952823
930 0.00814029616639 0.0245375260771 0.0192236057097
931 0.2987748101 0.712665578427 1.53360840047
932 0.0566184609914 0.102614613232 0.210920460253
933 0.0516542437142 0.137018695789 0.30456314767
934 0.0641759855111 0.129692884344 0.222529998584
935 0.444098872327 0.611723814943 0.180578785275
936 0.0529518715044 0.074430170254 0.119439232042
937 0.292571368226 0.360674075323 0.519580391884
938 0.221167695811 0.297195034945 0.47459215959
939 0.440110214202 0.447712449367 0.440706076098
940 0.394071380617 0.406680669415 0.401645133405
941 0.765499168236 1.96174586913 1.96021981713
942 1.01221745646 1.74479919674 1.84039921929
943 0.457544671105 1.60744277976 0.699403119588
944 0.572598750789 1.73891951369 1.94616494729
945 1.48126613738 1.68040158952 0.901857760021
946 1.73217567101 1.59395255422 0.50947964128
947 1.15616496269 1.22108619247 0.751797162359
948 0.708147731512 1.95109925562 1.95081009382
949 1.02911245035 0.967739316034 0.787029531654
950 0.552676306479 1.68496068365 0.936503930923
951 0.285332353901 0.620356866457 1.47181320196
952 0.98165593031 0.899763005638 0.995618598275
953 0.141891560119 0.167226735276 0.196512553295
954 0.00908566607816 0.0107630714011 0.0092756810556
955 0.00957280404786 0.034375287099 0.120614620554
956 0.0907720197332 0.0835707514969 0.071480575913
957 0.00776035913454 0.0143751514493 0.0280802525967
958 0.0673715845871 0.0807511843941 0.0857425289864
959 0.0285951963323 0.0852038414661 0.0130285292888
960 0.204474279978 0.314715993972 0.645441135955
961 0.378528946874 0.530405329584 0.189078420937
962 0.0341096498626 0.158276812545 0.530778300591
963 0.0767100134438 1.46887360412 0.0402419599396
964 0.333096078613 0.54743588736 0.13542546057
965 0.429227078943 1.50175982383 0.210630254217
966 0.122319930452 0.734071452614 0.0568396112107
967 0.0550814094507 0.350686192236 0.348744666025
968 0.887038887921 0.838831936544 0.705002954724
969 0.190814964124 1.52838099283 0.32397859744
970 0.216990741087 0.228980010198 0.264947817532
971 0.183200265883 0.382295211957 0.979580050178
972 0.540529540655 0.495467857179 0.360282806752
973 1.55758703944 1.54201079025 0.366092825041
974 0.022237480999 0.0421774399461 0.0304464197664
975 0.048769449237 0.848260896289 1.38559112701
976 0.0726325232665 0.460026728378 0.3876682495
977 0.0421143958628 0.0576110348078 0.019656686232
978 0.364670525634 1.86535557629 1.24486966058
979 0.0621523952411 1.1125727654 0.344322352796
980 0.13122311244 1.54756901829 1.58145445627
981 0.12339233592 0.506932032032 0.819508898333
982 0.100357734622 0.908798053062 1.9932309528
983 0.264889938583 0.768274562565 1.94283868519
984 0.344484351447 0.377758232974 0.44223410008
985 0.262512363521 0.627630690747 1.47957345428
986 0.185426750898 0.210636519936 0.217203634885
987 0.932007529867 1.01729594884 0.458697478247
988 0.405900778788 0.622540348092 0.184042806715
989 1.60108006026 1.43393935249 0.30163907187
990 0.0864479263 0.219406906461 0.529644526836
991 0.224976874948 0.226114828847 0.179145466814
992 0.269989353126 0.382800333352 0.615255753604
993 0.18481571518 0.325973382695 0.554437130563
994 0.21933393854 0.305995819286 0.427947389987
995 0.179758165103 0.214545876774 0.213969053302
996 0.681728469975 1.33478488227 0.293406385227
997 0.188506393068 0.465817548937 1.11287691263
998 0.226526323951 0.258553427509 0.333157768401
999 0.0751781729218 0.101065398306 0.061797126204
1000 0.0140092097291 0.0380998956294 0.0313616012631
1001 0.256791509454 0.754786225281 1.81443359878
